<?xml version="1.0"?>
<opencv_storage>
<Settings>
  <p11> 1.1748855026226370e+03</p11>
  <p12> 0</p12>
  <p13> 6.3050000000000000e+02</p13>
  <p21> 0</p21>
  <p22> 1.1748855026226370e+03</p22>
  <p23> 3.5450000000000000e+02 </p23>
  <p31> 0</p31>
  <p32> 0</p32>
  <p33> 1</p33>
  <parameters>1.1748855026226370e+03 0. 6.3050000000000000e+02 0. 1.1748855026226370e+03 3.5450000000000000e+02 0. 0. 1.</parameters>
</Settings>
</opencv_storage>
