<?xml version="1.0"?>
<opencv_storage>
<calibration_Time>"Son 22 Nov 2015 16:49:38 CET"</calibration_Time>
<nrOfFrames>6</nrOfFrames>
<image_Width>1262</image_Width>
<image_Height>710</image_Height>
<board_Width>9</board_Width>
<board_Height>6</board_Height>
<square_Size>25.</square_Size>
<FixAspectRatio>1.</FixAspectRatio>
<!-- flags:  +fix_aspectRatio +fix_principal_point +zero_tangent_dist -->
<flagValue>14</flagValue>
<Camera_Matrix type_id="opencv-matrix">
  <rows>3</rows>
  <cols>3</cols>
  <dt>d</dt>
  <data>
    1.1748855026226370e+03 0. 6.3050000000000000e+02 0.
    1.1748855026226370e+03 3.5450000000000000e+02 0. 0. 1.</data></Camera_Matrix>
<Distortion_Coefficients type_id="opencv-matrix">
  <rows>5</rows>
  <cols>1</cols>
  <dt>d</dt>
  <data>
    2.1069576184588540e-01 -1.8563403492598483e+00 0. 0.
    7.7779030986461768e+00</data></Distortion_Coefficients>
<Avg_Reprojection_Error>1.5560485937222573e-01</Avg_Reprojection_Error>
<Per_View_Reprojection_Errors type_id="opencv-matrix">
  <rows>6</rows>
  <cols>1</cols>
  <dt>f</dt>
  <data>
    1.21962063e-01 1.44065306e-01 1.47712544e-01 1.33340105e-01
    2.00310901e-01 1.72987401e-01</data></Per_View_Reprojection_Errors>
<!-- a set of 6-tuples (rotation vector + translation vector) for each view -->
<Extrinsic_Parameters type_id="opencv-matrix">
  <rows>6</rows>
  <cols>6</cols>
  <dt>d</dt>
  <data>
    1.4737103127444234e-01 -4.2278507661872011e-01
    -2.1856198778100976e-02 -9.0304392078438767e+01
    -6.3943820581340411e+01 7.0673210487250833e+02
    1.0437877684131762e-01 -6.7144039599620592e-02
    -6.0033356286242423e-03 -1.3321726319496997e+02
    -6.5458410386439738e+01 6.3675727020445061e+02
    8.8211306004259707e-02 6.0144914766321511e-01 4.1396260128404597e-02
    -5.8434189325662835e+01 -1.1913750681580632e+02
    1.0146942982286508e+03 1.1568211290741270e-01
    -1.1650850672436516e-01 4.1252614928426000e-04
    -1.6312226155104997e+02 -8.9679476475339726e+01
    9.0514164362476583e+02 1.3272581684207832e-01
    -2.9266774729557837e-01 2.2597146076306167e-03
    -9.1440902253441465e+01 -6.8297472509721501e+01
    4.2878456480463672e+02 1.1153172634264973e-01
    -1.2538252268257655e-01 -1.7119826241280528e-02
    -1.3416893655477224e+02 -7.1082799184374934e+01
    4.4260817642528832e+02</data></Extrinsic_Parameters>
<Image_points type_id="opencv-matrix">
  <rows>6</rows>
  <cols>54</cols>
  <dt>"2f"</dt>
  <data>
    4.79719971e+02 2.47650192e+02 5.19520508e+02 2.47279388e+02
    5.58180603e+02 2.46706009e+02 5.95629211e+02 2.46296829e+02
    6.31874939e+02 2.45664948e+02 6.67270264e+02 2.45219925e+02
    7.01781738e+02 2.44615677e+02 7.35400452e+02 2.44115982e+02
    7.68140198e+02 2.43545837e+02 4.80284149e+02 2.89371429e+02
    5.19723267e+02 2.88295197e+02 5.58201477e+02 2.87155731e+02
    5.95480835e+02 2.86058380e+02 6.31492310e+02 2.84966339e+02
    6.66569092e+02 2.83849670e+02 7.01140930e+02 2.82788574e+02
    7.34477295e+02 2.81770844e+02 7.67082397e+02 2.80737335e+02
    4.80608643e+02 3.30520752e+02 5.19930603e+02 3.28747803e+02
    5.58194336e+02 3.27134857e+02 5.95346558e+02 3.25408020e+02
    6.31188782e+02 3.23762390e+02 6.66149353e+02 3.22278778e+02
    7.00413879e+02 3.20661621e+02 7.33568848e+02 3.19239044e+02
    7.66063477e+02 3.17707306e+02 4.80995667e+02 3.71472809e+02
    5.20192383e+02 3.69117706e+02 5.58122925e+02 3.66720978e+02
    5.95075256e+02 3.64527557e+02 6.30699707e+02 3.62386658e+02
    6.65519531e+02 3.60358856e+02 6.99619141e+02 3.58287170e+02
    7.32721619e+02 3.56378723e+02 7.65113464e+02 3.54416290e+02
    4.81375336e+02 4.11746429e+02 5.20308228e+02 4.08713806e+02
    5.58042786e+02 4.05822052e+02 5.94734131e+02 4.03075287e+02
    6.30452454e+02 4.00411652e+02 6.65015137e+02 3.97772705e+02
    6.99110962e+02 3.95360413e+02 7.31956421e+02 3.92876373e+02
    7.64226868e+02 3.90582886e+02 4.81523285e+02 4.51693390e+02
    5.20391724e+02 4.48174805e+02 5.57886780e+02 4.44606995e+02
    5.94578857e+02 4.41331543e+02 6.30047668e+02 4.38082703e+02
    6.64531006e+02 4.35078247e+02 6.98444336e+02 4.32067657e+02
    7.31303528e+02 4.29281128e+02 7.63307190e+02 4.26440094e+02
    3.82933746e+02 2.33028198e+02 4.30129639e+02 2.33040848e+02
    4.76801147e+02 2.33100845e+02 5.23452087e+02 2.33134964e+02
    5.69340271e+02 2.33108841e+02 6.14858154e+02 2.33002075e+02
    6.60537903e+02 2.32792816e+02 7.05669617e+02 2.32600510e+02
    7.50675903e+02 2.32449310e+02 3.84235596e+02 2.79464172e+02
    4.31178833e+02 2.79345581e+02 4.77651489e+02 2.79223022e+02
    5.24062866e+02 2.78962280e+02 5.69667236e+02 2.78763275e+02
    6.15118286e+02 2.78567841e+02 6.60511536e+02 2.78395020e+02
    7.05458618e+02 2.78119171e+02 7.50328430e+02 2.77703644e+02
    3.85384918e+02 3.25478180e+02 4.32102264e+02 3.25211426e+02
    4.78473419e+02 3.24755096e+02 5.24625366e+02 3.24489563e+02
    5.70125061e+02 3.24263000e+02 6.15307922e+02 3.23795105e+02
    6.60502075e+02 3.23493774e+02 7.05301636e+02 3.23145691e+02
    7.49811157e+02 3.22684875e+02 3.86446320e+02 3.71408905e+02
    4.33037201e+02 3.70805054e+02 4.79235382e+02 3.70378235e+02
    5.25218567e+02 3.69731995e+02 5.70461182e+02 3.69357147e+02
    6.15463440e+02 3.68792786e+02 6.60474243e+02 3.68420532e+02
    7.05164124e+02 3.67992401e+02 7.49508789e+02 3.67546692e+02
    3.87450684e+02 4.16599487e+02 4.33754059e+02 4.15902527e+02
    4.79739655e+02 4.15264221e+02 5.25567688e+02 4.14485535e+02
    5.70704102e+02 4.13812164e+02 6.15543457e+02 4.13309784e+02
    6.60499634e+02 4.12667114e+02 7.04902832e+02 4.12320557e+02
    7.49313477e+02 4.11714996e+02 3.88423096e+02 4.61588470e+02
    4.34559662e+02 4.60690796e+02 4.80394867e+02 4.59788666e+02
    5.26069641e+02 4.59026398e+02 5.71043396e+02 4.58281616e+02
    6.15704895e+02 4.57494904e+02 6.60512756e+02 4.56801300e+02
    7.04824280e+02 4.56358521e+02 7.49027710e+02 4.55693756e+02
    5.62616394e+02 2.16427032e+02 5.85864685e+02 2.16374847e+02
    6.09771118e+02 2.16345078e+02 6.34558228e+02 2.16254959e+02
    6.59825073e+02 2.16106964e+02 6.86021057e+02 2.15883148e+02
    7.13162720e+02 2.15669846e+02 7.41013306e+02 2.15549057e+02
    7.69715759e+02 2.15358612e+02 5.62488953e+02 2.45496674e+02
    5.85658325e+02 2.45803711e+02 6.09500305e+02 2.46289215e+02
    6.34187378e+02 2.46560715e+02 6.59367493e+02 2.46887329e+02
    6.85386475e+02 2.47336563e+02 7.12419067e+02 2.47579132e+02
    7.40188110e+02 2.47903152e+02 7.68756653e+02 2.48308426e+02
    5.62394714e+02 2.74444702e+02 5.85473022e+02 2.75294525e+02
    6.09221741e+02 2.76018097e+02 6.33770813e+02 2.76755676e+02
    6.58854980e+02 2.77601379e+02 6.84790771e+02 2.78470093e+02
    7.11727417e+02 2.79338715e+02 7.39366760e+02 2.80224548e+02
    7.67953064e+02 2.81052887e+02 5.62208679e+02 3.03369843e+02
    5.85238159e+02 3.04503204e+02 6.08897644e+02 3.05664917e+02
    6.33385681e+02 3.06970490e+02 6.58379150e+02 3.08313934e+02
    6.84234192e+02 3.09552948e+02 7.11087585e+02 3.10898071e+02
    7.38574585e+02 3.12317108e+02 7.67062683e+02 3.13673279e+02
    5.62032715e+02 3.31838959e+02 5.84927246e+02 3.33460724e+02
    6.08554321e+02 3.35139709e+02 6.32902710e+02 3.36733887e+02
    6.57907227e+02 3.38501312e+02 6.83569641e+02 3.40325012e+02
    7.10406433e+02 3.42181580e+02 7.37775208e+02 3.44091766e+02
    7.66211487e+02 3.46040497e+02 5.61805908e+02 3.60308685e+02
    5.84683472e+02 3.62311035e+02 6.08254395e+02 3.64337189e+02
    6.32562317e+02 3.66447784e+02 6.57452148e+02 3.68632507e+02
    6.83130859e+02 3.70887207e+02 7.09778870e+02 3.73291168e+02
    7.37149170e+02 3.75626068e+02 7.65398438e+02 3.78217712e+02
    4.17619293e+02 2.37564056e+02 4.50737244e+02 2.37791275e+02
    4.83647430e+02 2.38159714e+02 5.16384094e+02 2.38388763e+02
    5.48602417e+02 2.38553589e+02 5.80576477e+02 2.38715225e+02
    6.12591064e+02 2.38965683e+02 6.44195190e+02 2.39162964e+02
    6.75548523e+02 2.39286346e+02 4.18072998e+02 2.70221130e+02
