<?xml version="1.0"?>
<opencv_storage>
<calibration_Time>"Fre 04 Dez 2015 20:17:20 CET"</calibration_Time>
<nrOfFrames>11</nrOfFrames>
<image_Width>4208</image_Width>
<image_Height>2368</image_Height>
<board_Width>9</board_Width>
<board_Height>6</board_Height>
<square_Size>25.</square_Size>
<FixAspectRatio>1.</FixAspectRatio>
<!-- flags:  +fix_aspectRatio +fix_principal_point +zero_tangent_dist -->
<flagValue>14</flagValue>
<Camera_Matrix type_id="opencv-matrix">
  <rows>3</rows>
  <cols>3</cols>
  <dt>d</dt>
  <data>
    3.8253140620721460e+03 0. 2.1035000000000000e+03 0.
    3.8253140620721460e+03 1.1835000000000000e+03 0. 0. 1.</data></Camera_Matrix>
<Distortion_Coefficients type_id="opencv-matrix">
  <rows>5</rows>
  <cols>1</cols>
  <dt>d</dt>
  <data>
    1.2606202445964987e-01 -3.1561949316032173e-01 0. 0.
    3.6207200168132725e-01</data></Distortion_Coefficients>
<Avg_Reprojection_Error>6.1347493146913956e-01</Avg_Reprojection_Error>
<Per_View_Reprojection_Errors type_id="opencv-matrix">
  <rows>11</rows>
  <cols>1</cols>
  <dt>f</dt>
  <data>
    6.79314733e-01 3.66498083e-01 4.31030363e-01 2.93083102e-01
    6.70853853e-01 3.37671727e-01 6.70176804e-01 6.89594269e-01
    7.15998709e-01 7.84664571e-01 8.09503078e-01</data></Per_View_Reprojection_Errors>
<!-- a set of 6-tuples (rotation vector + translation vector) for each view -->
<Extrinsic_Parameters type_id="opencv-matrix">
  <rows>11</rows>
  <cols>6</cols>
  <dt>d</dt>
  <data>
    1.1696608961831582e-01 7.1538400397030549e-02 1.7970064986683583e-02
    -2.5215693641063768e+02 -8.8699536610321928e+01
    5.2763701070177842e+02 1.0345659530579175e-01 1.4159135736623717e-02
    -1.0826681525719134e-02 -1.1014935599186123e+02
    -6.3733374745245513e+01 8.5327286075764766e+02
    2.7689718449607847e-01 -9.5254042052865903e-02
    1.8839548658293601e-01 7.9891965055702798e+01 2.0193927085936036e+00
    7.5718870596765419e+02 2.3614461505997189e-01
    -6.6178011430450961e-02 -9.6173222299077762e-04
    -1.1148311732629162e+02 -2.9402983721544842e+02
    1.1756295911359264e+03 -7.3940002076445743e-02
    -4.7382020215793513e-01 2.8304278736004791e-02
    -1.1116608116176459e+02 -1.3372725092111787e+02
    6.6650812112654262e+02 1.8423635101906660e-01 1.7443045167560239e-01
    -5.3646622934517656e-02 -1.5332337333670532e+02
    -1.3715153631064018e+02 8.9892865486728908e+02
    3.8907243050375434e-01 3.0352250213570708e-01
    -1.3105925091332798e-02 -1.6539872834464009e+02
    -7.8030643950848685e+01 6.4471040230023618e+02
    -1.2842169728016245e-01 -1.2498357134155383e-01
    1.5290230547348510e-02 -2.6438740297278081e+01
    -1.1729014606936904e+02 5.0986339950824083e+02
    6.5507790732532073e-02 -8.4601820805260144e-02
    7.2288434539384615e-04 -1.2204610918849565e+02
    -5.6480454630702702e+01 4.1470184391115725e+02
    7.2100182484060471e-01 2.1947622655098054e-01 1.7648221902677345e-02
    -1.4992189033419393e+02 -8.5111539351020653e+01
    7.1911121790578181e+02 6.3447050091435242e-01
    -1.3821955376739875e-01 1.0514588637287101e-01
    6.3269774343029379e+00 -2.2604875151424473e+01
    6.3151744320023431e+02</data></Extrinsic_Parameters>
<Image_points type_id="opencv-matrix">
  <rows>11</rows>
  <cols>54</cols>
  <dt>"2f"</dt>
  <data>
    2.42441681e+02 5.30297363e+02 4.23141266e+02 5.32709412e+02
    6.05369446e+02 5.35708130e+02 7.88922913e+02 5.38495117e+02
    9.71813110e+02 5.41488220e+02 1.15533191e+03 5.44362976e+02
    1.34058386e+03 5.47287354e+02 1.52492126e+03 5.49958496e+02
    1.70991296e+03 5.52525574e+02 2.51328110e+02 7.15593445e+02
    4.31195374e+02 7.18695129e+02 6.12300659e+02 7.21789307e+02
    7.94757263e+02 7.24970581e+02 9.76590027e+02 7.28285645e+02
    1.15857739e+03 7.31457458e+02 1.34286633e+03 7.34817505e+02
    1.52617773e+03 7.38275574e+02 1.70985010e+03 7.41376282e+02
    2.60221680e+02 8.99080200e+02 4.39019012e+02 9.02534485e+02
    6.19083252e+02 9.05980530e+02 8.00332153e+02 9.09577881e+02
    9.80773560e+02 9.13184814e+02 1.16204626e+03 9.16683594e+02
    1.34507312e+03 9.20452026e+02 1.52723572e+03 9.24037476e+02
    1.70980652e+03 9.27603027e+02 2.68532532e+02 1.08103613e+03
    4.46449036e+02 1.08476721e+03 6.25270752e+02 1.08854163e+03
    8.05344849e+02 1.09224365e+03 9.84825989e+02 1.09614929e+03
    1.16481421e+03 1.10018115e+03 1.34684119e+03 1.10406372e+03
    1.52814014e+03 1.10824072e+03 1.70945068e+03 1.11216431e+03
    2.76454193e+02 1.25978137e+03 4.53223175e+02 1.26370288e+03
    6.30927368e+02 1.26793188e+03 8.10087830e+02 1.27194641e+03
    9.88427734e+02 1.27623303e+03 1.16734692e+03 1.28029211e+03
    1.34836340e+03 1.28488000e+03 1.52825964e+03 1.28890259e+03
    1.70869470e+03 1.29335376e+03 2.83960510e+02 1.43667957e+03
    4.59618835e+02 1.44123010e+03 6.36206909e+02 1.44556836e+03
    8.14249329e+02 1.44992224e+03 9.91558472e+02 1.45432251e+03
    1.16959216e+03 1.45891870e+03 1.34932422e+03 1.46352002e+03
    1.52845386e+03 1.46835388e+03 1.70803015e+03 1.47322925e+03
    1.60854053e+03 8.97629211e+02 1.72094287e+03 8.96527771e+02
    1.83333960e+03 8.95431030e+02 1.94596948e+03 8.94282593e+02
    2.05783716e+03 8.92963501e+02 2.16983569e+03 8.91572083e+02
    2.28301196e+03 8.90268616e+02 2.39544434e+03 8.88645813e+02
    2.50833252e+03 8.87224976e+02 1.61146875e+03 1.00957788e+03
    1.72348230e+03 1.00851202e+03 1.83542554e+03 1.00731342e+03
    1.94765930e+03 1.00617841e+03 2.05927930e+03 1.00480817e+03
    2.17076099e+03 1.00349640e+03 2.28357324e+03 1.00233337e+03
    2.39569824e+03 1.00105737e+03 2.50826709e+03 9.99549377e+02
    1.61441699e+03 1.12109595e+03 1.72602576e+03 1.11974231e+03
    1.83753845e+03 1.11858545e+03 1.94946509e+03 1.11742456e+03
    2.06061816e+03 1.11635730e+03 2.17205713e+03 1.11500513e+03
    2.28444385e+03 1.11380237e+03 2.39624780e+03 1.11259521e+03
    2.50844824e+03 1.11154492e+03 1.61685791e+03 1.23215271e+03
    1.72834998e+03 1.23089465e+03 1.83947192e+03 1.22964929e+03
    1.95109656e+03 1.22850830e+03 2.06199048e+03 1.22739514e+03
    2.17302368e+03 1.22627527e+03 2.28516309e+03 1.22523608e+03
    2.39660498e+03 1.22433264e+03 2.50844580e+03 1.22323132e+03
    1.61947034e+03 1.34211182e+03 1.73046252e+03 1.34084595e+03
    1.84140015e+03 1.33956494e+03 1.95260205e+03 1.33838367e+03
    2.06340356e+03 1.33736206e+03 2.17418335e+03 1.33632104e+03
    2.28606592e+03 1.33544922e+03 2.39714502e+03 1.33454541e+03
    2.50866870e+03 1.33365222e+03 1.62164355e+03 1.45152710e+03
    1.73249866e+03 1.45030505e+03 1.84312939e+03 1.44907495e+03
    1.95428333e+03 1.44788928e+03 2.06457861e+03 1.44688843e+03
    2.17523999e+03 1.44595032e+03 2.28666260e+03 1.44523145e+03
    2.39764258e+03 1.44450098e+03 2.50896948e+03 1.44367480e+03
    2.50811499e+03 1.19467834e+03 2.62989282e+03 1.21596021e+03
    2.75136670e+03 1.23706360e+03 2.87259546e+03 1.25831458e+03
    2.99256836e+03 1.27928552e+03 3.11207495e+03 1.30033606e+03
    3.23179663e+03 1.32151819e+03 3.35030957e+03 1.34248279e+03
    3.46832666e+03 1.36352466e+03 2.47975171e+03 1.31250146e+03
    2.60066284e+03 1.33336877e+03 2.72096558e+03 1.35390930e+03
    2.84144263e+03 1.37481824e+03 2.96044897e+03 1.39537769e+03
    3.07876562e+03 1.41572253e+03 3.19777148e+03 1.43664307e+03
    3.31527490e+03 1.45732056e+03 3.43234424e+03 1.47785950e+03
    2.45190918e+03 1.42862659e+03 2.57180542e+03 1.44893921e+03
    2.69136304e+03 1.46915930e+03 2.81069092e+03 1.48949487e+03
    2.92884937e+03 1.50963232e+03 3.04653442e+03 1.52983228e+03
    3.16458887e+03 1.55019629e+03 3.28126465e+03 1.57027881e+03
    3.39750293e+03 1.59054077e+03 2.42449536e+03 1.54339331e+03
    2.54360913e+03 1.56323523e+03 2.66208887e+03 1.58302222e+03
    2.78080200e+03 1.60286926e+03 2.89787061e+03 1.62272266e+03
    3.01468823e+03 1.64234326e+03 3.13180225e+03 1.66240149e+03
    3.24759692e+03 1.68217859e+03 3.36301367e+03 1.70197485e+03
    2.39792651e+03 1.65595068e+03 2.51600317e+03 1.67512573e+03
